0,3000959
-0,345975
0,3691834
-0,2027143
0,438788
0,2555857
-0,3466784
-0,1861129
0,2941987
-0,2121868
-0,32342
0,1226736
-0,4416331
0,202926
-0,4380559
0,09880363
-0,01490707
0,4414819
0,1162067
0,1480111
-0,1172216
0,3414245
-0,353018
-0,3954767
0,3412212
0,4232729
-0,01048119
-0,2709313
-0,3364992
-0,08161864
0,2398858
-0,05084356
-0,0545593
-0,2551214
0,009487635
-0,08029188
-0,4750738
-0,1191117
-0,4801627
0,2578337
-0,2087798
-0,207797
-0,4147359
-0,4157642
-0,02074243
0,02014308
0,1305352
-0,230065
-0,3041463
0,4777107
-0,4736639
0,2806709
-0,2446369
0,3356151
0,2642997
0,03276391
-0,1432284
0,3828119
0,3322696
0,09432758
-0,02016085
0,3496166
-0,15913
0,483539
0,2679561
-0,4392853
-0,2100534
0,02193408
0,1209614
-0,1786437
-0,1488584
0,4260431
0,1965775
0,388699
-0,2919441
0,03396866
0,1696904
-0,06963755
-0,4475853
-0,1616554
-0,2647583
-0,03166012
-0,1945761
0,4960987
0,4569285
-0,05061015
-0,4090307
-0,1938773
0,1354079
-0,3168817
0,3800946
0,1013042
0,1196079
-0,2784072
-0,3539401
0,4747944
-0,2669867
-0,274534
0,2551225
-0,3584484
-0,4336136
0,1977332
0,1791285
-0,1488207
-0,3625345
0,3529952
0,2989599
-0,4132623
-0,2574205
0,4782165
0,1138917
-0,4174703
0,3650407
-0,1401625
-0,4770742
0,169949
-0,1716301
0,1939301
-0,3826292
0,4688358
0,2993339
0,01497385
-0,009874946
-0,1193846
-0,3262242
-0,4200925
0,08872613
0,4546044
-0,2052954
-0,3895071
-0,4872491
-0,1505374
-0,0418104
-0,4300914
0,4139138
-0,1893895
0,3612364
-0,4460676
-0,06658617
0,1790037
-0,3294427
-0,1299706
0,3826911
0,1668446
-0,133511
-0,1229018
-0,3960961
0,4747954
0,3027274
-0,04643086
-0,498293
0,3056664
0,2734899
-0,1793748
-0,1709781
-0,0651462
-0,1577589
-0,01717898
0,111048
0,06412859
0,2694189
-0,4805503
-0,07323746
-0,2081673
0,3476661
-0,3316299
-0,4944764
0,4888342
-0,4515391
0,2571092
-0,1995348
0,2588078
0,0994657
0,3284464
-0,4289237
0,4765737
0,400461
-0,444931
0,3750539
-0,3150166
0,1410853
-0,2743473
0,4514633
-0,0851207
-0,4427785
0,1310687
-0,114072
0,137705
-0,1635766
-0,1043771
-0,2891188
0,4269338
0,298979
-0,2855608
-0,3251483
-0,2536847
0,02234736
0,02839412
0,1645955
0,289468
-0,3620878
-0,4301
0,2445857
0,4940518
-0,1652295
-0,1446715
0,3726966
0,2709728
-0,1269007
0,4792038
0,3637758
-0,3238006
-0,3226188
0,3334264
0,2710484
-0,04047295
-0,01817342
0,3000368
0,2051583
-0,1759456
0,3406498
-0,2256947
-0,02459
-0,2518669
0,4156248
-0,4389325
-0,08844133
-0,4703412
0,4679263
-0,2229411
-0,03838263
0,3575989
0,1602851
-0,3275597
-0,08001548
0,007767717
0,2686391
-0,01440462
0,10539
0,1409709
-0,1891648
-0,2807718
0,2987375
-0,4080942
-0,1321092
-0,433554
-0,3103422
-0,0257106
-0,1907715
-0,3190963
0,2017627
-0,1374635
0,056895
0,4109937
-0,05014227
0,3412795
0,2552866
-0,1082336
0,04223445
0,4475721
0,1281147
0,2404655
0,06788424
-0,245876
-0,2385735
-0,1297223
-0,09563352
0,1670866
0,4386502
0,04184756
-0,3941301
0,01286793
-0,3971156
-0,0452552
-0,1531457
-0,07163468
-0,3563829
-0,2441661
-0,05146633
-0,3518444
0,4956882
0,1998382
0,04736115
0,1595879
-0,06897967
0,09230278
0,4089494
-0,2141934
-0,330798
0,2133767
-0,1842449
0,09093983
-0,06554866
0,09942646
-0,4262947
-0,08684782
-0,2373635
0,3531678
0,03089181
-0,2946124
0,1664529
0,01991755
0,1106168
0,08574398
-0,08503044
0,3579301
0,3762399
-0,1020252
-0,2664827
0,4137
-0,2461765
-0,4997266
0,1801848
-0,2155242
0,3884427
0,4641088
0,3682125
0,1428349
-0,023699
-0,135803
0,3026743
-0,09233109
-0,09364598
0,3581234
-0,1155213
0,3384335
0,05411895
0,207495
0,01621253
-0,0556878
-0,3277785
-0,1507171
-0,1239492
-0,3786164
0,2075748
-0,003346493
0,2945854
-0,1694795
-0,3860375
0,3983116
0,478497
0,220408
0,4541123
0,4483522
0,04912366
-0,1484822
-0,1302603
-0,4123937
0,4181211
0,4333943
0,4955287
-0,1835693
0,2591639
-0,1379685
-0,4090896
-0,4331646
-0,3533569
0,3351716
0,2765571
-0,1616034
-0,334698
0,3826064
0,4482977
-0,0390683
-0,3427329
-0,02577528
0,0839191
0,1349889
-0,3478389
0,1398693
-0,03239769
0,2952264
-0,4864973
0,2694456
0,01697097
0,4186486
-0,4513444
0,001267465
-0,07353956
0,06895777
-0,1791477
0,09755778
0,1465099
-0,1275443
-0,2727818
0,2825015
-0,1806263
-0,420484
0,392817
-0,2186461
-0,3619668
0,3760037
-0,3276009
0,1159518
0,1493947
0,428329
-0,4395698
-0,02707359
0,1802999
0,2471573
-0,401622
0,3424056
0,3304678
-0,2179957
0,3706081
0,2740046
-0,1060703
0,09664253
-0,1921556
0,3048017
-0,2670263
-0,04134102
0,3639586
0,131286
-0,3769987
-0,2874143
0,0308153
-0,4234833
-0,4683928
0,3951447
-0,01075697
-0,3697556
-0,2437491
-0,4158647
-0,3091731
0,4667211
0,09211855
0,09363685
0,2329179
0,3096846
0,1628436
0,1383991
0,4810164
-0,1463748
-0,3014494
-0,1368683
-0,2166265
-0,3924522
-0,4852013
-0,3564752
-0,1444056
-0,06263274
-0,4712067
-0,0186922
-0,07071675
0,3529774
0,1076847
0,2149264
0,4955102
-0,07734754
-0,4158487
-0,2345229
0,1164993
0,4023281
0,4850628
-0,04507257
0,3352699
-0,01692538
0,4865998
0,06504568
-0,2467647
-0,2375594
-0,01933057
-0,3000009
-0,4702392
-0,356518
0,1893512
0,4318417
-0,07883441
0,469386
0,316179
-0,1961358
-0,3532465
-0,03704434
-0,2906024
0,1181774
0,2818848
0,4467145
-0,1215581
0,4776245
-0,3753652
0,3893791
-0,3189488
-0,2641385
-0,3406848
-0,3479823
-0,418876
-0,1272958
0,227705
0,2915283
-0,05109018
-0,247264
-0,05230828
0,3961069
0,1398226
-0,1636603
0,03122575
-0,05505126
0,08646935
0,1288348
-0,06092104
0,09990746
-0,3792602
-0,0002496188
0,3390419
0,2584861
-0,06963582
-0,1002126
-0,1921896
0,1920942
0,1957016
0,3280235
-0,1099354
-0,2076044
-0,3700253
-0,1180505
0,03846237
-0,2502684
-0,01990844
0,2898277
-0,1402577
0,1260223
0,3701176
0,07707126
-0,1122189
0,2424911
-0,2989075
0,09077913
-0,381494
-0,08436076
0,1625981
-0,2961343
0,4164583
0,2911341
0,49589
0,09025463
-0,2085681
-0,4883037
0,2051651
0,04719225
0,2549185
0,1621987
0,2462897
0,4811997
0,0429804
-0,3489275
-0,06103344
0,2817907
-0,107205
0,09523042
0,4953438
0,4745995
-0,1779839
0,199342
0,2098269
0,2183467
-0,4333823
-0,0640431
0,3637373
0,1746604
0,2988696
-0,1425052
-0,3985542
-0,2014069
-0,1720361
-0,45581
-0,1489575
-0,37512
0,06302566
-0,1600451
0,02359955
-0,09470137
-0,4562638
-0,100823
-0,3357808
0,1119314
-0,1264299
0,08681703
0,1770942
-0,212864
0,03575308
-0,4266993
-0,3694853
0,01909729
-0,2241907
0,1229947
0,3326384
-0,488165
0,4143287
-0,3687412
-0,1186773
0,3711599
0,2873284
-0,4304804
0,2483785
0,2780254
-0,004487963
0,378874
-0,02325776
0,3901621
0,2821062
-0,1027883
0,2306572
-0,3066587
-0,3912994
0,4092162
0,297171
0,3151594
-0,3055328
0,03628949
-0,348393
-0,1820854
-0,3733082
-0,1574269
0,1834886
-0,05012959
0,1221573
-0,330543
-0,0539443
0,3156443
0,4822784
0,2066664
0,2382108
-0,1130124
-0,4627044
0,3885325
0,3533284
-0,09243406
-0,3324004
0,1835229
-0,5031476
0,463147
0,2276365
0,1572574
-0,4073342
0,4802696
0,4649501
0,4330833
-0,3024681
-0,2560723
0,2027964
0,1747856
0,2366559
-0,4593884
0,02586739
0,1866923
-0,1310613
-0,1240009
-0,03182602
0,4782453
-0,2040603
-0,3583498
0,5055544
-0,1208515
0,1849787
0,05583335
0,4360252
-0,1124889
-0,3520039
-0,3736014
0,06845707
-0,02684439
-0,01515435
0,2354275
-0,3987732
0,3000439
-0,1074217
0,3524641
-0,1713776
-0,01249586
-0,3299499
-0,4105545
0,1054514
-0,2493837
-0,280651
-0,06811199
0,4235581
-0,06003363
-0,2454918
-0,450016
-0,004721168
-0,2034921
-0,04224366
-0,3923249
0,3948055
0,2092693
0,1590419
-0,4467055
-0,1456818
0,4506085
0,2893452
0,342476
0,4524287
0,2877312
0,3617342
-0,4092731
0,323103
0,2899856
-0,07391381
-0,3026231
-0,0747343
-0,2843858
0,09214216
-0,3476608
-0,365723
-0,2788094
0,03969466
-0,213871
0,4325671
0,06309861
-0,3495776
0,2081606
-0,381853
-0,0002936028
0,2641849
-0,04605201
-0,1211241
0,1680088
0,4966617
0,2772225
0,3339391
-0,07922534
0,4477583
0,04346956
0,05532329
0,2102952
0,2869796
-0,3984964
-0,1406214
-0,4142915
0,1926255
0,3916705
0,01560028
-0,1795962
-0,2192094
-0,1044147
0,08373141
-0,268622
0,4597315
0,06378967
-0,107328
-0,318265
-0,1115594
0,350689
0,05481397
0,2551277
0,09736076
-0,3831852
-0,3408887
0,1553671
0,2435942
-0,2686922
-0,3161485
0,4952926
-0,3762566
-0,4479613
0,2416388
-0,06090852
-0,4515764
0,4531892
-0,08467145
-0,2802071
0,1042013
-0,3749964
-0,1293576
-0,1827726
-0,277309
-0,1966432
0,2166052
-0,4907925
0,4469777
-0,2300355
-0,3357928
-0,4868416
-0,02289448
-0,08244112
-0,026527
0,03019705
-0,2899204
-0,1704161
-0,1845107
-0,2257186
-0,3345766
-0,326797
0,3954265
0,2016665
-0,1401107
0,2969739
0,09045073
0,3283637
-0,4372169
-0,2998613
-0,3213114
-0,1830915
0,377416
0,03495684
-0,3485156
0,3203344
-0,2402746
0,3438953
-0,07379149
-0,005404117
0,1065952
-0,2878245
0,4269446
-0,4160053
0,3776378
0,1980548
0,3863452
-0,03921131
0,05422513
0,386618
-0,1232286
-0,2157022
-0,3664502
0,3947036
-0,4800336
0,2454537
-0,3037694
0,1962203
-0,2965448
0,1967068
-0,2996584
0,04284202
-0,09687039
-0,2331556
0,07306036
-0,2575064
-0,05436958
-0,2834719
0,399178
-0,2754017
-0,2234774
0,2392273
-0,1803049
0,04219846
-0,1275169
0,1217249
0,04252787
-0,1599682
0,3707881
0,4876472
-0,2815064
-0,06812408
-0,3063383
-0,3502635
-0,1244989
0,4001328
-0,2345968
0,1779978
0,4689002
0,009606853
-0,4587618
0,2082253
-0,02836601
0,2000214
-0,2240517
0,3145633
0,3795691
-0,3598998
0,04305837
-0,1579313
0,4963749
0,1785855
-0,4043391
-0,4268436
0,3031086
-0,1848434
-0,05687382
-0,276989
-0,1152562
0,431288
0,1935833
0,4535211
-0,4573107
0,2273704
-0,3262665
-0,08716184
0,2855063
0,1718454
0,2022076
-0,419684
0,2297381
0,2813933
-0,2217811
0,480812
-0,1452648
-0,504371
-0,347824
0,007435346
-0,317229
0,1791741
0,3064292
0,3033679
-0,3617577
-0,1198778
-0,4492728
0,1155722
-0,09899923
0,4465526
0,2604195
0,1849664
0,2836696
0,09791954
-0,1984354
0,05702952
0,3919475
0,4706279
-0,179844
0,3925808
-0,1758253
-0,4244656
-0,2953002
0,201716
0,03200138
0,3780761
0,1384687
0,4795869
0,4748676
-0,01496965
0,4701715
0,2046127
-0,3312688
0,4636119
0,1170935
-0,2407601
-0,374018
-0,315362
0,2934818
0,3393531
-0,2251228
-0,3735286
-0,0904405
0,08991618
-0,1588736
-0,2711748
-0,07244691
0,2918423
-0,05498521
0,3393928
-0,3799302
-0,1946444
0,4106504
-0,2508536
-0,2254672
0,0151265
0,3226315
0,2180351
0,2074313
-0,1206781
0,1601663
-0,003187242
0,3224356
0,1066622
-0,1042983
-0,2086619
0,1267771
-0,1450339
0,4056209
-0,484115
0,269243
0,1579287
0,2740259
0,4755753
-0,2543479
0,06210759
0,09925073
0,2102594
0,1012617
0,2587145
0,3315533
-0,1719425
-0,03968801
-0,4396984
-0,0263433
-0,3896445
-0,1335185
0,1405504
-0,3922461
0,300698
-0,1936451
0,4661257
0,08867916
-0,2103759
0,3796715
0,03120781
-0,2534825
-0,4259091
-0,07645474
-0,4476177
0,4215134
0,3465808
0,2518946
-0,0484069
-0,1121591
0,3911168
0,1616891
0,2363945
-0,3207462
0,1922728
0,09915251
-0,1260281
0,2185574
0,3686711
0,03709743
0,290294
0,2750899
0,4869323
-0,004506873
0,3274981
-0,1443113
-0,1585298
0,009213947
-0,04444737
0,3444593
0,03378744
-0,0361318
0,3302814
0,3157085
0,1956463
-0,4923105
0,2971373
-0,3842496
-0,1162708
0,04871424
-0,2292295
-0,1866895
-0,3232625
-0,01825389
0,2777937
-0,2423114
0,07418121
-0,0808301
0,2470154
0,003834914
-0,3608472
-0,05984021
0,1677031
0,3945488
-0,2317722
0,2761499
-0,4560284
-0,3889397
0,08431991
0,3217899
-0,4926764
-0,3057169
0,09787552
0,2335694
-0,3275845
-0,4087446
0,132334
0,1863634
-0,1535786
-0,2231735
-0,02526563
-0,2136011
0,1212491
0,3892829
-0,4721746
-0,2833391
-0,3454132
0,2574236
-0,30256
-0,003908919
-0,4107115
-0,04155213
0,02375199
-0,159392
0,4913549
0,2887439
0,2423343
0,3377393
-0,3791954
0,06138775
0,08870994
-0,01515879
0,3847919
0,2460736
-0,01671514
-0,06010929
-0,4157975
-0,02952773
0,2097197
-0,09421366
-0,4851548
-0,2579356
0,147017
0,448893
0,2439879
0,4866746
0,4445239
-0,06818771
0,3897611
-0,03003369
0,1881438
-0,01473501
-0,10979
0,06427422
0,2756926
-0,02584171
0,1445885
0,4294969
-0,1981966
0,3294335
0,1528409
0,4411592
-0,1830343
-0,1794814
-0,4655655
-0,4308655
-0,2161006
0,3913989
-0,1475078
-0,2461762
0,4036193
-0,0276755
-0,1982992
-0,04891455
-0,3461005
0,4810704
0,282518
-0,2092615
0,08899175
-0,2129352
-0,09751862
0,3032505
0,5264531
-0,4216427
-0,3866214
-0,235889
0,2130156
-0,3307688
-0,1369337
0,1906985
-0,3148802
0,4787937
0,1477298
-0,2145937
0,3045287
0,3947359
0,2817639
-0,205027
0,07880173
-0,1613745
0,1818745
-0,1365175
0,1729215
0,07258797
0,2527075
0,2916267
-0,4408618
0,01751066
0,1635675
-0,09212431
-0,051851
-0,4056945
0,2299802
-0,4334009
-0,3876894
-0,2470051
