0,05513659
-0,307855
-0,278033
-0,07902444
0,4787418
0,2748473
-0,2093225
-0,2079256
-0,4877761
-0,241578
-0,1301645
-0,3262076
-0,1616797
0,1855489
0,2918111
0,2446714
0,4038694
-0,1348611
0,4659161
-0,2887937
-0,2262292
0,3398214
0,2777512
-0,2218863
0,0559481
0,253359
-0,1996381
-0,4591659
0,3380993
0,2255354
0,2935397
0,3567342
0,122023
0,357074
0,4696594
0,1464178
0,06254891
0,1461542
0,08617266
0,408659
-0,4430256
0,2937041
-0,1576412
0,1799023
-0,4698715
-0,3255143
0,07018326
0,4298204
-0,3162991
0,1300802
0,1203277
-0,4081189
-0,3200924
0,4865663
-0,1613329
-0,06504957
0,1243221
0,06332752
-0,195933
0,02013648
-0,2417213
-0,1312325
0,1065618
-0,4769933
-0,2234077
0,4452386
0,1107944
-0,4261292
0,1045259
0,4360582
0,05708326
-0,471869
-0,1250007
0,02163285
0,4298414
-0,3729598
0,4881364
0,22551
-0,3541215
-0,2142672
-0,2429535
-0,136223
0,1380406
0,3287649
-0,07786206
-0,07888473
0,1569373
-0,1406276
-0,1870812
-0,4869393
0,4330591
-0,05548203
0,1892508
-0,3121711
0,1016683
-0,3917258
-0,09635247
0,2963343
-0,3489741
-0,1303564
-0,308571
0,04314916
-0,07482676
-0,3944313
-0,1350978
-0,05142761
0,07970659
-0,001912534
-0,2518834
-0,222352
-0,3146664
-0,1173931
0,07641464
-0,4536918
-0,4684087
-0,436641
0,407059
-0,1041194
0,3368866
-0,3656949
0,18152
-0,04004696
0,3012424
0,3907315
-0,229641
0,1266805
0,1327956
-0,3757626
0,4213746
0,1501814
-0,1805611
-0,4399012
-0,1793991
0,3400551
-0,4284475
-0,07761997
-0,09784514
0,1117656
0,3216784
0,4915118
0,3283179
0,478916
-0,3988508
-0,3603597
0,2663602
0,4503955
-0,1259468
-0,4457448
0,1573199
-0,388948
0,08102306
0,3094746
-0,0003109574
0,0536308
0,003845273
0,02793184
-0,3429301
-0,1111109
0,02572473
0,4304532
-0,03617293
0,4972839
-0,1142767
-0,1387226
0,06548072
-0,1769578
0,05734592
0,1736529
0,4267147
-0,01992626
0,1774026
0,2271943
0,3774025
-0,04846115
-0,3800957
0,3282468
0,11765
-0,202092
-0,3984854
-0,06935091
0,4671739
0,2315394
0,2462602
-0,06339486
-0,3873876
0,2924944
-0,1811438
0,1446341
0,02490387
0,3523591
0,4153243
-0,0052135
-0,489126
0,3878996
-0,1816153
0,2328018
-0,343329
0,386608
-0,4826471
-0,1251722
0,2928429
0,03649887
0,291815
-0,3227164
0,01176601
-0,09052446
-0,2146243
-0,3532068
-0,2291827
0,4462655
0,1603035
-0,2040667
-0,4838754
-0,3100613
-0,2459535
0,3780435
0,2727342
0,1915871
0,1148241
-0,4384344
-0,4440622
0,05447249
0,3984343
0,2636485
-0,1724343
-0,3481653
0,1771527
0,1776493
-0,2234249
-0,4966184
-0,4954083
0,3415725
0,1269049
-0,003784742
-0,0495696
-0,1713361
-0,2066123
0,08480841
-0,4803853
0,06585723
0,4904447
0,289759
0,4100218
0,3807491
-0,3847507
0,3885926
-0,07194299
0,1280916
-0,354766
-0,244056
-0,0281201
0,3797587
0,1007637
0,1886209
0,3291514
-0,1996641
0,1435683
-0,1141722
0,2580454
0,4454732
-0,216181
-0,4264839
0,3174886
0,4058301
0,189617
0,2454953
0,1405523
0,2423199
-0,1025447
0,2894687
-0,05315524
-0,2515705
0,1941721
-0,4964381
0,424593
-0,2585813
-0,09851076
-0,1437724
0,05981101
-0,3789363
0,328617
-0,4718336
0,1509829
0,2963914
-0,1602992
-0,157321
-0,1530146
-0,284347
-0,3395253
0,241925
0,3748537
0,2425716
0,447204
0,4878016
0,09038503
-0,3909668
-0,3291618
-0,1680056
-0,1701232
-0,4367013
0,1777425
-0,3750466
0,2272821
-0,4817263
-0,1277643
0,07798749
0,2446756
-0,4996665
0,2064209
-0,4490374
0,2374347
0,3159008
0,3050964
-0,1572248
-0,2165297
0,4643421
0,1652081
0,007344084
-0,1831956
0,3638238
-0,01856398
0,1169591
0,0491492
0,02778001
0,203415
0,1917986
0,1836774
-0,3317511
0,4314224
-0,194204
0,4199766
-0,4482634
0,3699358
0,1505416
-0,1057064
-0,3308917
-0,3642198
0,1460787
0,1228918
-0,2554968
0,4260606
-0,4640055
-0,08865976
-0,4069546
0,3797443
0,4465964
-0,007525998
-0,006204007
0,06932066
-0,1374656
-0,4835092
-0,0992263
0,2574735
0,2793651
-0,4346145
0,3579916
0,3713465
-0,2020847
0,3850846
-0,04991646
-0,2061647
-0,4739879
0,2414054
-0,3035985
0,059466
0,07300121
-0,260337
-0,3676502
-0,2013941
-0,3809822
0,232986
-0,3314953
-0,2985807
-0,1031813
-0,01541179
0,4910429
0,3908609
-0,4780657
-0,2208014
0,4993386
-0,4918514
0,08922118
-0,3229197
-0,1101417
0,2153767
0,314254
0,04504329
-0,2406917
-0,4055722
0,3419672
0,06319676
0,2266655
0,06670994
0,2211591
-0,379544
0,3234431
0,08854491
-0,1115919
-0,2864151
0,2834134
0,2256849
0,4033654
-0,16912
-0,304092
-0,2375681
-0,487504
-0,2948897
0,2095032
0,4109924
0,05158081
0,4182522
0,4971048
0,1692603
0,2271576
-0,174417
-0,1869511
-0,052957
0,05010034
-0,472898
0,03908386
-0,1202691
0,1732922
-0,3606265
-0,3429477
0,2589908
0,05141097
-0,4512813
-0,01057214
0,4525236
-0,1225179
5,035646E-05
0,2936697
-0,05399038
0,4608217
0,3519147
0,02735969
-0,3578015
0,08740669
0,3434415
-0,41464
0,4773706
-0,3584054
0,2039031
0,09059113
0,4687028
0,1029054
0,03538516
0,1174295
0,4099023
-0,11999
-0,4925837
-0,1803542
-0,2393204
-0,004603125
-0,3308291
-0,1542411
-0,09737726
0,005664176
-0,4208543
0,0978826
0,3870524
-0,06316099
0,1590689
-0,2688688
-0,176992
0,06067616
0,3558461
-0,02594465
-0,4937468
-0,2809546
-0,2542435
-0,1865821
-0,273907
-0,0522974
0,04679762
-0,004645875
0,3627131
-0,1573393
-0,0655311
0,2253488
0,3018645
-0,1255626
-0,4100736
-0,1693148
0,3238889
0,2254893
0,2917691
-0,1494819
0,2286475
0,298115
-0,1604215
-0,1009174
0,4562209
-0,3491234
0,188934
-0,4083788
0,08503037
-0,07273272
-0,4424195
-0,3260363
-0,2103733
-0,2988482
0,02400726
-0,3040088
-0,3409242
0,3241488
-0,2153323
-0,04784518
-0,0005885667
0,04433304
-0,3595565
0,3242581
0,1696514
0,1917136
-0,3815598
0,3674215
0,2688222
0,1204948
-0,3718297
0,1909801
0,3494329
-0,1632037
0,06008512
0,31464
-0,4616332
0,4931479
0,1804368
-0,3965994
-0,4557762
-0,4157907
-0,2839332
0,1689012
-0,04490654
0,4512553
0,1909706
0,03509814
-0,4781049
0,4191001
0,2387009
0,1137457
0,01959249
-0,256049
-0,151951
-0,01660846
-0,2269718
-0,2020972
-0,458309
0,02163516
-0,3222212
0,2476551
0,1266496
-0,2665271
0,379762
-0,295096
-0,3343281
-0,3814916
0,1810742
0,1089884
0,2807485
0,03011132
0,3559884
0,4109108
-0,2717741
-0,4064093
-0,4601575
0,02741915
-0,1656588
-0,06603199
-0,1662951
0,02421763
-0,07548332
0,3164989
-0,2270035
-0,02423695
0,2295104
-0,01663934
0,1093238
0,4626426
0,2802714
0,4584318
0,1132653
-0,2935563
-0,3564749
-0,3787005
-0,276873
0,4275564
0,2182667
0,01475348
-0,001844862
-0,462176
-0,4031054
-0,001327129
0,1008722
0,3549839
0,1097691
-0,4215229
-0,06060445
0,00584429
-0,4895859
-0,2037906
0,1311519
-0,2250046
-0,3929515
-0,1990087
-0,08736597
0,3271484
0,1265436
-0,4860727
0,3179604
-0,278945
0,318685
0,3831496
-0,08170053
0,30839
0,4272101
-0,4694143
-0,280165
-0,1703153
-0,4613067
-0,4103835
-0,1585858
0,3074306
-0,4436067
-0,3521921
0,241141
-0,3730322
0,1153189
-0,008897698
0,3555933
-0,3306122
0,2389604
0,2429536
-0,3790113
0,1335312
0,05686529
0,09790292
-0,161207
-0,2143493
-0,1749537
-0,346753
0,3373914
-0,3687606
0,2834505
0,1375437
-0,01331736
0,2192841
0,4142452
0,3797489
0,4380839
0,1055
-0,07230889
-0,2771272
0,1593893
0,190848
0,47468
0,4336559
0,3541438
-0,2826948
0,4748226
0,392113
-0,4501282
0,4018031
0,4845428
-0,01644199
0,3732165
0,03282681
-0,3143046
-0,1131415
0,08320509
-0,1350413
-0,4066471
0,1529454
0,1244057
0,1677692
0,4637746
0,3501129
0,1410116
0,3709188
0,2371434
-0,2809528
-0,489581
0,4050548
0,4451374
-0,3623125
-0,1165122
-0,1542901
0,4759273
-0,1773495
-0,3429671
0,04069288
0,4296083
0,3312641
0,2033012
-0,2685943
-0,2709647
-0,13149
0,4274051
-0,3476253
0,1808049
0,006991347
0,1630469
-0,484307
-0,3497429
-0,06607088
0,02182711
0,2303155
-0,4983642
0,319308
-0,3944983
0,27351
-0,02115471
-0,0380224
0,3603998
-0,3762688
-0,2658836
-0,4541878
-0,1907226
-0,3888278
0,3569517
-0,4198477
0,2060494
-0,01684962
-0,4264207
0,1967204
0,3665614
0,3910809
-0,4756939
-0,2969275
0,1471353
