0,03382013
0,4497383
0,3546289
0,08471872
0,1315979
-0,4166894
-0,4909693
0,2065531
0,1674705
0,3170364
0,4195653
-0,07680171
0,1807305
-0,1900693
-0,03506007
-0,4143883
0,1825775
-0,3398766
0,1080794
0,09148572
-0,002087313
-0,194793
-0,3431676
0,4062378
-0,3146522
0,3499089
-0,05901435
0,4096769
-0,1662936
0,430397
0,154183
-0,05494158
0,31839
-0,2527711
0,211517
-0,2436806
0,2426282
0,4449954
-0,3472681
0,3800665
-0,2891969
0,1975178
-0,4464007
-0,4400256
-0,2624566
0,1738087
-0,09557849
0,258558
-0,01862985
-0,3786128
-0,1722709
0,1545038
-0,0750718
0,409882
-0,2195822
0,2827443
0,3665887
-0,1380946
-0,424484
-0,4750369
-0,163445
-0,04738359
-0,4844947
-0,02794455
0,2633633
-0,4195914
-0,02355788
0,293083
0,3931043
-0,2162202
0,02476528
0,05818614
-0,4575274
0,2749524
-0,2677503
-0,0107078
-0,2926578
0,4480189
0,3062345
-0,1004914
0,4286313
0,3131488
0,1655282
-0,1676871
0,2896088
0,417078
-0,102715
0,02837941
0,08851854
0,4406285
0,2781481
0,4029554
0,2536669
-0,09148979
0,4258055
-0,2875983
0,4911219
-0,3408247
0,3421802
-0,04275903
-0,0375165
0,05679852
-0,02309107
0,4536543
0,3616531
-0,2628486
-0,3301378
0,2809761
-0,04106352
-0,1998313
-0,489545
0,3041804
-0,2667027
0,4554787
-0,1292513
0,4891636
-0,176846
-0,2114518
-0,3759643
-0,08480169
0,04679995
0,05554493
-0,2878039
-0,1249
-0,403882
0,1405872
-0,08010832
-0,2975633
0,18161
0,4148427
0,1846667
0,3757729
0,1492359
0,03369792
0,1093428
0,3530763
-0,03331734
0,3224505
-0,4990561
-0,3495829
0,3082343
-0,3525632
-0,1166939
0,1183349
0,03313101
0,1344958
0,4877878
0,1550632
0,1700336
0,2761528
0,1542071
0,11288
0,2126951
-0,346969
-0,2617277
0,1043265
-0,2808719
-0,05057768
-0,2581189
0,1943957
-0,251573
0,4093646
0,3781579
0,3349307
0,1624703
-0,3311732
-0,1394167
-0,3870007
-0,4424971
0,2093475
0,1444133
0,3989787
0,3374317
-0,2733045
0,2066687
0,3280647
-0,08012062
0,405902
0,08886734
0,2243487
0,04124375
-0,1199582
0,1156721
0,3095697
0,1438414
-0,06043513
0,1637836
-0,1146524
-0,1703742
-0,2875121
0,3615936
0,05180601
0,454507
0,4836614
0,1239763
0,194682
0,3061675
-0,2565573
0,4953034
-0,09622476
-0,03157772
0,1150433
0,286031
0,2058399
-0,448145
0,4322607
-0,109228
0,06403662
-0,4861122
0,3785771
-0,1890597
0,4038531
0,02361353
-0,2639719
-0,4035951
0,4948352
0,3052045
0,4465448
0,1829513
-0,302521
-0,2317083
0,1502313
-0,08739315
-0,465401
0,1080041
0,117453
0,1248443
0,3161902
0,3406104
-0,4762701
-0,3805503
-0,2251318
-0,2007858
0,315481
0,4735242
0,10808
-0,4051584
-0,0757061
-0,193116
-0,5004004
0,4462092
-0,2978065
-0,1903947
0,07081625
-0,2522933
-0,479286
-0,337972
-0,2895709
-0,4792938
0,2539116
0,4647638
0,4378712
-0,3684263
-0,1512952
-0,3714263
0,4614766
0,1246068
-0,4188917
0,2254546
0,1269438
0,3833153
-0,4654243
-0,4851733
0,2834803
0,2841777
-0,0222946
-0,2672166
-0,4514566
-0,4709968
0,4946908
-0,3028205
-0,03112363
-0,1441045
-0,4444917
-0,481614
-0,3634181
-0,05348854
0,03506286
0,3674741
-0,2074818
0,2673979
-0,1724518
-0,4522177
-0,2005633
0,2706236
0,170045
0,2240626
-0,1894153
-0,1857771
-0,3239985
0,1553292
-0,03069517
0,2591641
-0,1730669
-0,09655717
-0,04859663
-0,1754314
-0,140406
-0,2841899
0,2828891
0,1613525
-0,3063109
-0,4067228
0,3863248
0,1059982
-0,09004869
0,276336
-0,4525885
-0,4370132
-0,06274346
0,1259479
0,3153203
0,1584197
-0,1323878
0,04861013
-0,05816864
-0,2086978
-0,1587914
0,2625208
0,1400965
-0,3449861
0,1315622
-0,2757677
-0,1759896
-0,1052938
-0,30338
0,2726165
0,3649199
0,1918359
-0,3288008
-0,4735271
-0,4080699
-0,251223
0,3137511
0,4105954
-0,1025162
0,07263753
-0,1478477
-0,4308061
-0,01616357
-0,1811646
-0,3334584
0,06412988
0,3162271
-0,4450044
-0,3261333
-0,3957588
-0,06074442
0,01720031
0,3744897
0,3837893
0,259699
-0,3510469
-0,1535691
0,003880051
-0,3653934
-0,1677437
0,3611863
-0,2426636
-0,4020255
0,1364528
-0,372013
0,2085499
0,2531037
0,3144448
-0,3878592
0,3114128
-0,2058972
-0,2165049
0,2498427
0,07184026
0,02243901
0,2886638
-0,3426227
-0,3868365
0,146396
0,1772056
0,4260885
-0,4686201
-0,2187317
-0,03153289
-0,3066625
-0,4630083
-0,4404686
0,1842492
-0,2747715
-0,09244641
0,07380675
-0,1945749
-0,4418959
0,005224128
-0,03525197
-0,03351709
0,143171
-0,1974742
0,4727996
-0,3498898
0,4844761
0,4306118
-0,4749567
0,002376438
-0,3695517
0,2922025
0,2770602
-0,1383539
-0,2985707
-0,1865986
-0,2779819
-0,1012776
-0,1860992
0,3772148
0,04170686
-0,3025145
0,3198513
-0,3558741
-0,3807801
0,3061431
0,05094013
-0,431509
0,2988314
-0,2619783
-0,4711412
0,4616387
0,2137883
0,4719238
0,3055786
-0,2825869
-0,3017956
-0,4451087
-0,1970705
0,197595
-0,4734307
-0,4736195
-0,3806292
0,1711965
-0,284851
0,2049045
-0,2111972
0,02617799
0,3238745
-0,2748944
0,2153574
-0,4839143
0,07798436
-0,296116
0,3185877
-0,4518639
0,2341505
-0,02283273
-0,3783779
-0,3597612
-0,2985483
0,05604953
0,2301184
-0,08452291
0,3303984
-0,05600195
0,4280522
0,3309087
0,2097644
0,005261186
0,332898
0,1625512
-0,08715499
-0,2856717
0,2370076
0,2292598
-0,2058888
-0,4656462
0,4288231
0,4555964
0,3428822
0,2190021
0,3163933
0,4498491
0,4303344
-0,09296472
-0,3735885
0,3746482
0,2925765
-0,4547951
0,1541389
0,20815
-0,1967936
-0,4688704
-0,2766247
0,0524892
0,1261493
0,4218903
-0,05674237
0,3035412
0,1787409
-0,2603369
0,3824932
0,04773654
-0,07038424
0,470395
0,144891
-0,3070096
-0,1696081
0,2996676
-0,06883336
0,08577109
-0,4708917
0,307482
-0,1690989
-0,1654218
-0,01700092
-0,04348837
0,4871742
-0,1107319
-0,2492012
0,4761678
-0,01057202
0,381907
-0,2052532
-0,1045413
0,1063072
0,2431102
0,3231536
-0,4032732
0,4080644
0,1626375
-0,4806322
-0,1362023
-0,08077622
0,325743
-0,05156811
0,08263085
0,4548477
0,4437802
-0,006115553
-0,3541596
-0,4562085
-0,007477927
0,02087261
-0,05567986
-0,4800935
0,1761649
-0,07277991
-0,4489214
0,1667919
0,01402496
-0,07892586
0,1516833
0,326525
-0,1053222
0,4216483
0,08984318
-0,4822094
-0,3380223
-0,4987888
-0,4882577
0,4821979
-0,2376724
-0,3026182
-0,1811042
-0,2314232
0,4781597
-0,07215572
-0,4379747
-0,4020555
0,01756176
0,2050495
-0,1082974
-0,3863477
-0,2972142
0,4909856
0,2894674
0,2715669
0,1907523
-0,3893766
-0,02575921
0,06689809
0,07536161
-0,2196183
0,3136739
0,1770555
-0,08282946
0,2158437
0,2163748
-0,01167628
-0,02681335
0,359193
0,1501841
-0,08243097
-0,4449198
-0,1699333
0,06743041
0,2485803
0,1623933
0,1524344
0,3578545
0,1227917
0,172783
0,1732227
0,3418255
0,1704833
0,2603506
-0,4886069
-0,06191372
-0,2778754
-0,4958817
-0,4585162
0,1501487
-0,4141289
-0,3263013
-0,3812013
0,01495751
0,4875143
-0,02360468
-0,03439415
0,3708211
0,3562339
-0,07585432
-0,2667704
0,3971689
-0,004779222
-0,09298474
-0,1744786
0,3224855
-0,2921498
0,1400419
-0,4307316
0,4869422
0,403364
0,0009960571
0,4753123
0,06819322
-0,1635547
0,2310621
-0,1700083
-0,4785134
0,04945567
-0,2592822
-0,3154281
0,3064955
0,129173
0,1642207
0,05048944
-0,14673
0,135653
0,09442975
-0,4503115
-0,2307313
0,286119
0,1288064
0,3129285
0,2280105
0,4702267
0,3903692
-0,1547672
0,2178581
-0,2354851
-0,1747308
-0,2943808
-0,2468119
-0,1472329
0,2018615
-0,2395629
0,3555377
-0,1032152
-0,1584879
-0,3375309
0,005895336
0,1920129
0,1210483
-0,02046848
0,1378144
-0,2012688
-0,3956545
0,0465105
0,3162288
-0,3668228
-0,08302972
-0,04488946
-0,4786044
-0,4727476
-0,1115801
0,3280947
-0,3084563
-0,02237037
-0,4375728
-0,01702931
-0,3981879
-0,3436777
-0,3227311
-0,1196302
-0,2517692
-0,4485677
-0,05027323
0,2796164
0,273555
-0,4887719
-0,1918047
0,1047283
-0,4726895
-0,434157
-0,07226805
-0,3976595
-0,1397686
-0,118391
-0,0963025
0,2453454
0,1827057
0,08054465
-0,2297921
0,2531038
0,2700911
0,3160979
-0,2333388
0,1258284
0,03022967
0,2500782
0,106574
0,2867159
-0,4204086
-0,1047316
0,3008752
-0,3104835
-0,40957
-0,4854137
-0,2558277
0,4512393
0,03634088
-0,1180292
-0,3466554
0,1987668
-0,1870732
0,4782365
-0,4381174
0,1430864
0,463092
0,1106951
-0,4356737
0,3311338
-0,4437712
-0,09275872
0,172728
-0,344929
-0,2672301
-0,2690836
-0,07698271
-0,1901614
0,0265042
0,08459628
-0,2100697
-0,3743156
-0,05129772
0,1328707
0,2539369
-0,09050635
-0,1624553
0,2025604
-0,1493973
0,01973047
-0,4101866
0,4679188
-0,4954223
-0,3000981
0,0810274
0,4455083
0,4440679
-0,4188507
0,06332508
-0,4268492
-0,153215
-0,4346773
0,492163
-0,350033
-0,3753671
-0,3166001
0,1451756
0,3919213
-0,2831535
-0,008459136
0,2383763
0,4531294
0,08759684
0,3445188
0,2956264
0,1153023
-0,3065523
0,01125421
-0,2334339
0,2360175
-0,09073348
0,1187734
-0,250075
-0,4722959
0,3243175
-0,000504423
0,3207697
-0,2867905
0,3610494
0,3556074
-0,2378186
0,2635027
-0,1463639
0,1435613
-0,2902453
0,02670524
0,2439239
0,135453
0,3997089
-0,08088966
-0,4830582
0,2679048
-0,140472
-0,1268604
0,3163869
0,0469925
0,05489479
0,2267916
0,4489215
0,3937511
0,006507874
-0,216975
0,4789633
-0,1957569
-0,2754284
-0,3119947
-0,2337361
0,2558079
0,3987926
0,09283081
-0,01019001
-0,3531277
0,3608507
-0,4955769
0,4029526
-0,3088843
0,2487036
-0,2370631
0,2638352
-0,2150462
-0,1532444
0,169955
0,1841076
-0,0992942
-0,005557992
0,4209363
0,2582918
0,3922293
-0,003282965
-0,008276755
-0,0725223
-0,04558315
0,1807875
-0,3070649
-0,1742553
0,05073647
0,2187242
-0,4432402
0,3742832
0,05764175
0,2300448
0,2468034
0,4300724
0,2498024
-0,292187
0,03744242
0,2780929
-0,4441763
0,4993427
0,1498273
0,06321821
0,1004197
0,3966899
0,2648264
0,1184747
0,06017914
-0,05212829
-0,4036955
0,1559806
-0,09666964
-0,02911388
0,08171769
-0,09658655
-0,2425016
-0,02666993
-0,4065386
0,05861263
-0,07415736
0,2897872
0,3423476
0,1238059
-0,3133191
-0,1319561
-0,1652423
-0,4937896
-0,3186518
0,3376187
0,3220805
0,06118466
-0,2062567
-0,1072684
-0,4686354
-0,390262
-0,397146
0,2464988
0,1028447
0,4674358
0,4406202
0,471943
0,2865855
-0,1658521
0,19244
-0,1090949
0,2034097
0,07170206
-0,2130374
0,4234324
-0,2980033
-0,04421618
-0,1250694
-0,4340468
-0,05863528
-0,1188672
0,3381662
-0,1015636
0,02496253
-0,220552
0,06429041
-0,2092329
-0,4039921
0,3332782
-0,2953981
-0,2495565
-0,3927739
-0,4027452
0,1325416
0,04692165
0,1360118
-0,0687826
0,3839582
-0,2919781
0,1803446
0,4831946
0,1305144
0,2442708
0,3101958
-0,001387168
-0,1451206
0,1860219
0,3628927
-0,3475265
0,07919815
-0,06514622
0,00535055
-0,03565554
0,4478432
-0,4636966
0,1242301
-0,04478055
-0,3940518
-0,3001367
0,4676936
-0,4316269
0,4012125
0,2391041
0,3613564
0,1017258
0,2266048
-0,3463323
-0,1531265
0,4173722
-0,03276139
-0,1978908
-0,3416004
0,2813455
-0,3883137
-0,01036933
0,03527198
-0,4756629
-0,1082813
0,3030725
0,07440666
-0,3299454
0,4341559
-0,3750449
0,4997773
0,3201205
-0,4226204
0,03688113
0,271669
0,1677634
-0,09317414
0,1686643
0,2002629
-0,3583494
-0,2548924
0,09372125
0,1818455
0,4662344
0,4625191
-0,174502
0,3286491
0,01531857
-0,02665881
-0,3456462
0,1704541
-0,1148223
0,05955454
0,305308
-0,03059361
0,04559262
-0,2935559
0,234886
-0,2096615
-0,1983673
0,1282737
0,0439589
-0,2217285
0,4045561
-0,3760052
0,2530224
-0,3849163
-0,4504116
0,2312944
0,04316811
-0,2418047
-0,1456832
0,01027899
0,09869046
-0,1150698
-0,009979128
-0,04237922
0,4156779
-0,0101392
-0,4579042
-0,2411308
0,3108213
0,2402113
0,05654501
-0,4657122
0,4487607
0,390929
-0,1587696
0,1474136
0,4987307
0,4246729
0,3463945
0,08730572
0,4368691
0,1124564
0,307039
-0,2529661
-0,1729703
0,4104254
0,1866676
-0,3551708
-0,328654
0,2779106
-0,1722848
-0,484286
0,2631568
-0,09036273
0,247327
-0,1913144
-0,2902982
0,2975009
0,446762
-0,2821732
-0,4161845
-0,2250807
0,019521
0,3082935
0,4985722
-0,3948772
0,2506208
0,3694658
0,4593619
0,3518241
-0,05816508
0,2701918
-0,2258137
0,405286
-0,1936229
-0,4056703
-0,1447659
0,341256
0,3132926
-0,4898508
-0,1797518
-0,01898771
-0,3497423
0,2787116
0,007566801
-0,4415874
-0,3703142
0,4407098
0,2412879
-0,4323427
-0,2634575
0,2618261
0,4810313
-0,1256761
-0,1079495
0,03374445
-0,00651738
0,4333093
0,06584416
-0,05965562
-0,3597147
-0,004023754
0,3162488
-0,2500182
0,2082646
-0,03903342
-0,2716376
0,2494971
0,01647207
-0,1372258
-0,1617734
-0,08579285
-0,4829034
-0,3083164
-0,350959
0,352124
0,2472787
0,3939961
-0,1858672
-0,3308769
-0,1531775
-0,1450746
-0,4615117
-0,2493444
0,180445
0,0413355
-0,1134776
-0,1467355
-0,4349043
-0,007993716
0,1214031
-0,4922534
0,2921425
-0,3415888
0,2795232
-0,1230781
-0,2167367
-0,1642828
-0,1660955
0,4439964
0,3073744
0,3276426
0,2153631
-0,3673847
0,3054317
-0,2307735
0,2707239
0,02283635
0,001242442
0,4775111
-0,1625956
-0,259499
-0,08196215
-0,04964443
-0,1436626
0,07304756
-0,3198485
0,3259518
0,3822584
-0,1630977
-0,4415346
-0,1680554
0,1897339
0,1373685
-0,2350453
-0,4279908
-0,1874268
-0,4743716
-0,4660343
-0,159209
0,4667975
-0,4961648
0,2508644
0,3238071
0,4658884
-0,0337849
-0,4943312
0,1237078
0,07208927
0,04444132
-0,2666923
0,3473342
0,157675
-0,2317868
0,258012
0,1059837
-0,08258207
-0,4018996
0,4337049
0,1159682
0,2103303
-0,1873051
0,3367664
0,4354805
-0,4071158
0,4294259
0,1400527
-0,2070325
0,1944495
-0,1404093
0,09084485
-0,4504426
-0,2415438
-0,2362284
0,280279
0,272865
0,4441137
0,3442463
-0,3310154
-0,45742
0,4605116
0,4258261
0,2732961
0,1968889
0,4740526
-0,09724827
-0,2327621
-0,1321389
-0,2490733
0,0220412
0,4813419
0,3573883
0,0174887
0,4425454
0,01310347
0,5001447
-0,2985341
-0,1590777
-0,28405
0,2461266
0,2072981
-0,01264522
-0,1557128
0,1578642
0,4131394
-0,02739154
0,3436696
0,2221235
-0,48168
0,1672883
-0,2292926
0,429244
-0,1099541
0,2352131
-0,001421574
0,4215318
-0,171063
0,3496907
-0,3866965
0,05645856
-0,2113665
-0,02882525
-0,1118144
-0,1529326
-0,1354578
0,3634472
-0,1092432
0,3524195
0,2288749
0,4508753
0,3152533
-0,1288475
0,1492312
0,005817197
0,2519523
0,1139448
0,3808092
0,410627
0,1094932
-0,2318657
0,1356911
-0,10824
-0,4572098
0,0639466
0,2786347
0,4289787
0,1101793
-0,3896876
0,4559793
0,1114439
0,1641614
-0,2361377
-0,4552985
-0,2843279
-0,01504225
-0,2880712
-0,4282515
0,2177247
-0,2784781
0,2858772
-0,3106989
0,06504831
0,2988034
0,2694847
-0,132353
0,1149882
0,3614394
-0,1168268
-0,4853212
-0,2220265
-0,172542
-0,04303277
0,4414077
-0,006605217
0,4375311
0,2937704
-0,336389
0,3947966
0,4457958
-0,208536
-0,2955801
-0,3693456
0,3617481
-0,2775963
0,2173625
0,396786
-0,4891304
-0,3381836
0,009040129
0,2992839
-0,1151201
-0,2166747
-0,2268515
0,2885575
0,4126285
-0,1771481
-0,4252094
0,1193051
-0,463262
-0,2704867
0,08768452
-0,1038549
-0,0452191
0,2244072
-0,203237
0,3733657
-0,4470576
0,1281734
-0,3589327
-0,1911651
-0,06475948
0,3610251
-0,1759788
0,3414401
0,07297792
0,1529979
0,3935414
0,04498057
-0,1799551
0,1084755
0,4063843
0,1820412
0,2488724
0,4422464
-0,2278997
0,1129915
-0,06045901
0,454577
-0,03979589
0,4894474
0,2608163
-0,337134
0,2247725
0,4203846
0,3403703
0,008031224
-0,3567991
0,0459256
0,2948613
-0,2969076
0,4138845
-0,2965426
0,2848579
0,1681534
0,4449502
0,3193332
0,05832435
-0,1762457
0,10179
-0,2257661
0,02655491
-0,3191415
-0,3665126
-0,4048105
-0,04393913
0,3234847
-0,1739022
0,05823654
-0,3133151
-0,06684622
-0,4180139
0,4469401
-0,05433708
-0,08937351
0,2231584
-0,2930699
-0,1059821
0,2691523
0,110259
0,1933962
0,2819391
-0,1120085
-0,07220655
-0,02014818
-0,003119747
-0,007669192
-0,4281253
0,4195604
-0,06548347
0,4099873
-0,210902
-0,2153344
0,4261338
-0,1416921
-0,4024893
0,3817413
0,457518
0,3934116
-0,06423171
-0,2120606
0,3473714
-0,262795
0,3224531
0,2641284
0,1714366
-0,02393378
-0,1004635
-0,03115943
0,2224908
-0,2728128
-0,1468848
0,3372747
0,4389135
0,002124509
-0,2885959
-0,3853491
0,3241347
-0,3363523
0,3815332
0,2557972
-0,01779132
0,3877317
0,2922399
0,3278577
0,3036288
-0,2657471
0,2161543
-0,09705828
0,313984
0,3929789
-0,2836481
-0,2541846
0,4207574
0,09251302
0,1109173
0,2818823
0,3163726
-0,2065116
0,07466321
-0,3701608
0,3817262
-0,03526944
0,1004368
-0,1543918
-0,4177914
0,4041073
0,01494945
0,2353579
0,1344671
0,393879
-0,2229229
-0,11747
0,1214873
0,241367
-0,1501001
0,2950719
0,1133738
-0,3846885
0,0266594
0,228793
-0,1718542
-0,241264
-0,4573103
0,03338061
-0,3473878
0,2164491
0,4160818
-0,04932343
-0,2412352
-0,1130926
-0,1363776
-0,2092281
-0,4642434
-0,1958388
0,1769966
-0,01558044
0,2955679
-0,3749133
0,2713971
-0,2650101
0,3834791
0,1896195
0,1083467
0,4401923
-0,1225596
-0,1764404
0,1231397
-0,4075466
-0,00772522
0,4364021
-0,2661217
0,2052713
-0,002549061
-0,1186614
0,05376249
0,2184587
-0,08922978
0,4008211
0,4433905
0,06575139
-0,3138252
-0,02694484
0,08848572
0,4938515
-0,1180323
-0,07530892
0,408516
-0,02524552
-0,3200638
0,3644493
0,03246763
0,1252368
-0,2164199
0,3164097
0,2888734
0,4843892
-0,1255924
0,3991935
0,08774969
0,06628279
-0,4381857
-0,2761347
-0,2009357
0,3943883
-0,00352775
0,06885777
0,2312393
0,3782824
0,09800465
-0,171871
-0,292804
0,1701059
0,07999048
0,4329024
-0,4281346
0,3525571
0,1508696
-0,3085141
-0,1163235
0,2796758
-0,1438972
0,3268984
0,1088245
-0,2613628
0,07917375
0,4127054
0,08146299
0,1295416
-0,3062208
0,01395711
-0,3443129
0,410086
0,4519931
0,2378635
-0,1750636
-0,3609087
0,1161412
0,219988
-0,3283193
0,08471743
-0,1522621
0,1253702
0,2037106
0,03693335
0,160237
0,2889197
0,2001609
0,1277546
0,2414575
-0,3434956
-0,4673149
-0,07715207
0,301184
-0,1909429
0,4811831
0,3224574
-0,4217873
0,1046549
0,1537211
-0,3189587
0,1787174
0,3012682
0,2262359
-0,3901038
0,1052035
-0,1155431
0,02759913
-0,389495
0,5034006
-0,3393524
0,427155
-0,2082563
-0,04331137
0,4043578
0,09451824
0,3568344
0,07005519
-0,4102281
0,1356462
-0,2985269
0,4787638
-0,351379
-0,3766492
-0,001529835
0,1285948
-0,2233471
0,4070595
-0,219654
-0,3929906
-0,1292381
-0,4439693
0,4259723
0,2142596
-0,0548931
0,02097796
-0,4281902
0,239998
0,3514847
-0,3551535
0,06429028
0,433056
0,4861727
-0,1744325
0,07426701
-0,2596215
0,3410631
-0,1898127
-0,4441411
0,02665028
-0,4299848
-0,1902427
-0,3663367
-0,4873601
-0,1227352
-0,3985147
0,1694173
0,3911761
-0,334886
0,3070553
0,09178296
-0,0369534
0,1390604
0,05657623
-0,4207331
-0,2066919
-0,00298626
-0,03233964
0,1465967
0,2115015
0,03073646
-0,3449598
-0,3555596
-0,4457518
-0,4087249
-0,3044399
-0,2183936
-0,3270149
-0,4876384
0,1781966
-0,3850701
0,3642375
0,4092537
-0,1269098
0,2172062
0,3452235
0,159612
-0,3879102
0,08405337
-0,2354333
0,0001550238
-0,3706336
0,3908062
0,4047021
0,3226135
0,1178968
0,3139834
0,4604276
0,1109122
0,2023399
0,3093907
-0,2757758
-0,2173517
0,06415283
-0,05027999
0,0834971
0,09083249
-0,05566443
0,3141789
0,3714651
-0,1962175
-0,340445
0,1506774
0,04527787
-0,03298957
-0,3225948
0,124174
0,07474099
-0,2985295
-0,2349411
0,3694222
-0,4834733
0,4938431
-0,04602362
-0,4583492
0,002162165
-0,4080991
-0,3419358
0,2732253
0,05170309
0,00508568
-0,2195965
-0,08179977
0,178284
-0,2142885
-0,4021137
-0,3825495
0,1851458
-0,0217722
-0,1479013
-0,4379848
0,1334942
-0,2233697
0,2540155
0,2094573
-0,08735497
0,4922397
0,2960622
-0,4677601
-0,01352849
-0,4666842
0,1665082
-0,07045496
-0,2247219
-0,4953678
-0,4647228
-0,3034532
-0,1307238
-0,07372858
0,4295514
0,1371778
0,2538258
0,35949
-0,342307
0,1989139
-0,4523557
-0,09339833
0,2391687
0,1128798
-0,2826749
0,1457238
0,3049534
-0,04971932
0,2695211
0,3622135
-0,04910797
0,3316599
-0,1280006
-0,2807476
-0,1336465
0,3207828
-0,1659951
0,330691
-0,4431375
0,2080219
0,09846505
0,1081397
0,319653
-0,426033
-0,04861093
0,4072804
0,4950491
-0,3439423
0,2234772
0,3529908
0,4068125
0,1294959
-0,4423443
-0,3084955
0,2613935
-0,2696474
0,2797976
0,4468764
0,3220975
0,461658
-0,2915332
0,3580429
-0,1102486
-0,03802122
0,4159485
0,4566756
0,459699
-0,01681751
0,04059171
0,4711729
0,1624901
0,394551
0,4203283
-0,3364643
-0,01789144
0,4314306
-0,331382
-0,1389397
0,3427307
0,301573
-0,2672972
-0,1044126
-0,2748145
-0,04351871
-0,2224749
0,03414114
-0,4795478
-0,2830908
0,1494513
0,06106959
-0,06031488
-0,08571023
-0,3453675
0,3287216
0,4982646
-0,4611379
0,3899945
0,2423109
-0,3731576
0,1338142
0,2142195
-0,3756746
0,05575522
-0,1245817
0,05607656
-0,316253
0,1661375
-0,4218058
-0,2970622
0,1114994
0,144938
0,01404948
-0,452343
-0,01396366
0,1410719
-0,2522002
-0,3243245
0,426717
-0,4806172
-0,009795126
0,1390331
0,166561
0,05243246
-0,1725572
0,05011221
0,1360207
-0,1202214
-0,1784461
0,3940211
-0,4061908
-0,1173509
-0,402709
0,360622
0,01797264
0,3514488
-0,0108997
0,3465643
0,1544861
-0,4025566
-0,3224331
0,2913938
0,301994
0,2615666
0,486789
0,1254609
-0,222219
-0,2184267
-0,4906328
0,4714291
-0,1189565
0,007734755
0,3086079
0,2893329
0,3790092
-0,2277674
0,108903
-0,4665727
0,1343172
0,2132584
-0,2784668
-0,03843254
-0,03311028
-0,07380469
-0,4751934
-0,2335429
-0,0126057
0,2740894
0,3006771
0,3245947
-0,3788368
0,2244354
-0,3371781
0,1349301
0,3849795
0,2384576
-0,07894672
-0,2517381
-0,07256857
0,003054739
-0,08576853
0,3375562
0,4879653
-0,1463784
-0,1777203
-0,3845953
-0,1504955
-0,1742526
-0,4968201
-0,1784608
0,4646079
0,2435879
0,4893693
-0,06340513
-0,4258438
-0,1184325
-0,4386568
-0,4880727
0,3503941
-0,3095278
0,1230206
-0,07136586
0,2049484
0,05342096
-0,4337714
-0,3828655
-0,01834265
-0,004490252
-0,139167
-0,07017398
-0,3905479
-0,2966447
0,290431
-0,3483616
-0,2646075
0,3271891
0,4505238
0,1288868
0,2623411
-0,01391119
0,2822642
-0,01783879
-0,284349
-0,3363721
0,1571701
-0,05071022
0,1903108
-0,4153138
0,2480687
0,3131313
0,3074521
0,09154551
-0,2119621
-0,260804
-0,353792
0,02386959
-0,3477841
-0,2448261
-0,1291529
-0,168871
-0,004860423
-0,448813
-0,3008413
0,4996304
-0,1717058
-0,2467798
-0,3428263
-0,4710087
-0,357779
-0,3761159
0,2701115
0,3539166
0,2209112
-0,2878917
0,3337675
-0,127769
-0,1047344
0,1268915
-0,1604126
0,1820378
0,1175102
0,3320409
-0,08377684
-0,460184
-0,1596464
0,4849851
-0,003348497
0,4836283
-0,2311531
0,1253963
-0,1542181
-0,03087
-0,1139149
0,264728
0,3168881
0,4247281
-0,09634736
0,05128717
0,3195696
0,1242602
-0,2094335
-0,1436532
0,2886673
0,1592527
0,3362883
0,1460322
-0,1352329
-0,002087904
0,05842562
-0,4842455
0,3452066
0,453709
0,2025988
0,16263
-0,3387048
0,1447119
0,4828101
-0,2201635
0,1857955
0,0561612
-0,3680516
-0,01703801
-0,2969312
-0,4055166
0,2296403
0,1640987
0,4078981
-0,3969443
-0,4714607
0,3295341
0,2288488
-0,4071179
-0,00311583
-0,02101627
-0,00863304
0,09019364
0,3828255
-0,0935792
-0,4758513
0,3673218
0,2755419
0,1315385
-0,02443448
-0,4118508
-0,4391588
-0,08246647
0,06258513
-0,2780143
0,1279445
0,2156455
-0,066113
-0,3884592
-0,1495464
-0,2033553
-0,3286546
-0,4068154
-0,4591184
-0,000396793
-0,08077344
-0,3555808
-0,07086372
-0,2943161
-0,2334578
-0,268861
0,3699038
-0,2598553
-0,4191743
0,1060315
0,02933422
0,07562567
-0,1370883
-0,4896048
0,1560324
-0,468175
-0,1769858
0,4597432
-0,2852854
0,004651743
-0,04074341
0,01696454
-0,06823985
0,1446942
-0,02327798
-0,005626453
0,4952573
-0,154015
0,2107387
-0,0004418638
0,4597007
-0,08113123
0,01879594
-0,3501621
-0,2468361
-0,02105901
-0,05476975
-0,395135
-0,4824268
-0,3056775
0,4209464
0,1631264
-0,1279273
-0,04262567
-0,1188018
-0,131796
0,3339711
-0,0591613
-0,3677825
0,3805624
-0,2893923
-0,3271724
-0,07635908
0,1038309
0,04540483
0,4684953
0,3567387
0,3607911
-0,3413672
-0,3927753
0,2133863
0,185646
0,006256661
0,2394714
-0,07016467
-0,4530621
-0,3935947
-0,3264486
0,4732046
0,1808829
-0,1705268
-0,3243038
-0,1878374
0,3314125
0,4107762
-0,1508986
0,1180966
0,1840014
-0,1014709
0,01140833
-0,3885469
-0,4569469
-0,3306524
0,1259278
-0,2561457
0,342959
0,4788721
-0,04214399
-0,06481051
0,02161277
-0,1730229
0,39595
-0,4431227
-0,2166045
-0,1968506
-0,3759655
0,369189
-0,211941
0,2563858
0,4109335
0,1094239
-0,02193678
0,3525191
-0,1762827
0,4897992
-0,2850579
-0,4889455
0,3997671
-0,07301091
-0,4222952
0,3366444
-0,3848629
-0,01988552
0,4546446
0,363134
0,2469444
0,186943
0,2860129
-0,348061
0,4275072
0,06218843
-0,1933412
-0,1006431
0,4381373
-0,1612111
-0,02408255
-0,4948437
0,2212674
0,03118513
-0,3568606
0,2556352
-0,218738
0,2590539
-0,3704478
0,1780635
0,06401149
0,2305706
0,1546457
-0,1219109
-0,4330533
0,3649051
-0,07504549
-0,4335439
0,09863677
-0,4344788
-0,08102104
0,1892957
0,1762832
0,266816
-0,3573193
-0,3147551
-0,3772573
-0,1499532
0,01447311
0,4773618
0,3776284
-0,1023934
0,0353572
0,00980315
-0,2882646
0,01636405
-0,243473
0,4283287
0,1067476
0,05963179
-0,1808303
0,203798
-0,2735905
-0,3015015
0,0533945
0,2567696
-0,3937038
0,1282632
0,1814077
-0,2678418
-0,0747408
-0,09653281
0,01830827
0,2963537
0,4910525
0,04326479
0,2118678
0,05499365
-0,1947794
-0,06764449
-0,0112402
-0,08694781
-0,4409926
0,3151799
0,06714703
0,2844561
-0,3599543
0,2328648
0,2616237
0,1347283
0,02096179
0,1539459
0,1070981
0,3443079
0,285045
0,137038
-0,03665958
-0,2996177
0,2260175
0,3493348
0,3167109
0,03101515
0,03187018
0,3766676
-0,4163078
0,2915695
0,2270448
0,1415363
-0,02387468
-0,07334892
-0,3086308
-0,3648745
0,0624214
-0,4636776
0,4529712
0,0003542492
-0,1333422
-0,1376028
-0,4476203
0,3931664
0,09890538
0,2289145
0,2934028
-0,05665946
0,2732009
-0,3818465
0,2892774
0,301222
-0,2001107
-0,1327385
0,215854
0,2546599
0,4860215
-0,01883082
-0,473462
-0,1600177
0,3695534
-0,07372529
0,4967886
0,3417995
0,3124982
0,459541
-0,1935483
-0,398097
-0,09822025
-0,02788998
-0,2828389
-0,3169928
0,4880564
0,04042494
-0,4346638
0,1285033
0,4794387
0,1149875
0,4519193
0,3906722
-0,2155055
0,2438277
0,3712043
0,3486775
0,2023371
0,1489571
-0,08165515
-0,2190827
0,1448554
-0,02112916
0,488676
-0,2198148
0,2557709
-0,4427651
-0,2913861
0,3149676
-0,4438556
0,09932429
0,4132435
-0,4335648
0,4740086
-0,4945434
-0,2010733
-0,2237895
-0,3115528
0,007039778
0,40455
-0,1959338
-0,3143735
-0,06889111
0,04305181
0,459936
0,2966605
0,3405808
-0,03277952
-0,2657132
0,4998866
-0,1568186
-0,4796897
-0,4613894
-0,04449539
-0,4523638
-0,2972794
-0,4601541
-0,4330779
-0,3646126
0,3137102
-0,2498083
-0,4672484
-0,4120399
0,2390778
-0,3956019
0,08869272
0,2434707
0,3936878
0,2855486
0,4726777
0,2066902
0,3338689
0,02691102
0,1764678
0,1876991
0,05539932
0,2590154
-0,07849771
0,3642091
0,06550797
-0,4360981
0,1933828
0,220442
0,08915215
0,2736431
-0,4190601
0,5035565
-0,4027702
-0,1449781
0,3679462
-0,3410542
-0,3198828
-0,4874732
-0,4524446
0,4778347
0,3140643
0,01129765
-0,04418675
0,4458821
0,3419612
-0,003477213
0,05937884
0,06159053
0,02934078
-0,03641717
-0,2553253
0,2772077
0,2773686
-0,1874102
0,4162028
-0,434385
0,07038766
0,1023671
-0,4484929
-0,0872081
0,3235247
-0,3661739
0,2294979
-0,1727388
0,3664677
-0,2895581
0,05966629
0,2739142
0,3047581
0,2479796
-0,3417017
0,4919418
-0,308448
0,2491138
-0,2683303
0,1363214
-0,008877665
-0,06885392
0,4501305
-0,4544073
-0,1467322
0,3156639
-0,3906702
-0,06766374
-0,1267656
-0,1845701
-0,1673337
0,09721241
0,3935967
0,4435301
0,2305192
-0,4912727
-0,02738427
0,3337275
-0,2436115
-0,2730661
-0,4275916
-0,2072554
0,3543644
0,08720878
-0,1389771
0,01956239
0,1982257
-0,08986861
-0,2898808
0,4452041
0,04913332
-0,2568182
0,07590771
-0,3402578
0,2773788
0,05751966
0,0465547
0,02353172
0,0073221
0,2376088
0,1969373
0,4129453
-0,1460559
0,1559538
-0,03065762
-0,1584054
-0,4353234
0,3590631
0,1030987
0,3917036
0,4122942
-0,3709097
-0,2631376
-0,2285717
0,06045674
0,1836137
0,4904234
-0,04620957
-0,3634013
-0,49486
-0,1808453
0,2048378
-0,4238433
-0,3491296
0,2623504
0,3963279
0,222932
-0,1757711
0,4624984
0,1629624
0,1647665
-0,2976345
-0,1059661
-0,2243329
-0,1540623
0,4140359
-0,1487539
0,3312283
0,143908
-0,07303036
0,2305939
0,4692505
0,3225231
-0,2273736
-0,1508117
-0,03238884
0,3235415
0,3846241
-0,08138562
0,1468539
-0,4224166
0,4640877
-0,3315515
0,3112412
0,3488659
0,1369453
-0,4523521
0,1896329
0,1928484
0,1441898
0,4323653
-0,3761667
-0,05597704
0,06365551
0,1194751
-0,2823855
-0,2372315
-0,4082188
0,2308136
0,2560058
0,3091498
-0,01434617
0,3608998
-0,3442331
-0,4964066
0,4443798
0,109713
-0,3738941
-0,1385005
-0,1775136
-0,3580676
-0,1331796
-0,01940654
0,3749647
0,2389512
-0,1233099
0,0321003
-0,2749603
0,3805199
0,2768363
0,4527935
0,2841122
-0,1248616
0,2295019
0,4909651
-0,4377375
0,25078
-0,0019781
0,2523038
0,3050291
-0,1457361
-0,002121231
0,01935732
0,295037
-0,4862068
-0,3438158
0,4915054
0,3116024
-0,4294104
0,2083871
0,1942095
-0,4744889
-0,3431107
-0,2758434
-0,1817867
0,4285107
-0,2187718
0,02661076
-0,3006368
-0,4250121
0,1101573
0,4271043
0,007229801
-0,08160122
0,1300938
-0,3068672
0,3001702
0,04304095
-0,189911
0,09996754
0,149515
0,05395203
-0,3173089
-0,1183894
-0,3032384
-0,1539212
0,1743276
0,0394353
0,1341279
0,3026743
-0,309114
-0,02095264
0,02480041
0,2997547
-0,2669197
-0,2133693
0,3287074
0,4401178
-0,4736814
-0,008856193
-0,1799271
-0,3944424
-0,4911701
0,1353654
-0,07219681
-0,2181602
0,112121
-0,1906928
0,476422
-0,2363225
-0,4602045
0,3763157
-0,2794533
0,3531454
0,4871135
0,4629776
0,4620216
-0,1686953
0,2413462
0,1624474
-0,03162483
0,3228303
-0,2705601
0,3313313
0,2057551
-0,2305239
0,1098059
0,334006
0,3175566
0,1704708
-0,2441643
-0,4508196
-0,2014379
0,2035932
0,3897248
0,4576581
0,1983646
0,1672906
-0,4638262
-0,4788014
0,118786
0,1501049
-0,07534363
-0,3277992
-0,07102799
0,005580308
-0,3808188
-0,368668
-0,2061953
0,2185577
-0,2814324
0,1233011
-0,4491454
-0,3886721
0,3628429
0,1607463
0,288669
-0,4337777
0,1627192
0,3305913
-0,1205653
-0,4214832
0,4674005
0,08565352
0,2260498
0,2484778
0,2141591
-0,07888799
0,2411688
-0,4182546
-0,1405274
-0,132174
-0,02442039
0,2431482
-0,2958325
-0,4170465
-0,453381
0,04244495
0,2271561
-0,3939868
0,2785033
-0,3864597
0,3872545
0,4619169
-0,2394431
0,413259
-0,2997694
0,362724
-0,2920776
-0,2777196
0,008948538
-0,1282023
-0,3273626
-0,01367418
0,02907389
-0,08545011
0,1059888
-0,04874517
-0,1682119
0,3018175
0,2613812
0,2036927
0,4605307
-0,4419831
-0,01856878
0,3310474
-0,2608956
0,4022771
-0,3424085
0,4625612
0,394532
-0,0793339
0,04217444
-0,1748528
0,3747689
0,2276988
0,02930471
0,3256845
-0,2408369
-0,3209161
0,4563383
0,488465
-0,0523345
0,1065849
0,04510264
-0,01003358
0,2365349
0,1223968
-0,3376948
-0,2410586
-0,2604662
0,1673084
0,2661835
-0,3407174
-0,2771749
-0,07869117
0,1195305
0,03399122
0,2407896
-0,3857744
-0,1547084
0,1817433
0,4255121
0,1660927
-0,177839
-0,04654469
-0,1935024
-0,4521413
0,009992771
-0,1322651
0,2216858
-0,4866874
0,4417912
0,09839884
0,3547368
-0,3960354
0,08406129
0,4928684
0,2004974
0,1838468
0,01934868
-0,327955
0,2337662
-0,1955817
-0,2986808
0,3266743
0,2430262
-0,1335749
0,3826644
0,1516131
-0,04012331
0,2057822
0,226868
-0,3600024
0,1885263
0,3110144
-0,1101571
0,397778
0,03410655
0,1748544
0,3592301
0,2928098
-0,3952887
-0,07075298
-0,07296322
-0,03353776
0,2544174
-0,001271392
0,3069584
-0,09742241
-0,03669333
0,123452
0,1284557
-0,03267601
-0,1880212
-0,4625833
-0,4528453
-0,3153291
-0,24133
0,0440561
0,2860621
0,1296294
0,01788112
-0,4352267
-0,1493088
-0,0888037
0,4132218
0,423023
-0,2125759
0,1826879
0,02170121
-0,1998518
-0,3911586
0,3450244
-0,3760524
-0,366862
0,003557747
0,3451512
0,3600026
0,056366
-0,3115889
0,07813417
-0,204216
0,216266
0,3474428
-0,05739495
-0,1120512
0,1980767
0,2308435
0,2751466
0,2934976
-0,4232171
0,4665215
0,4832311
0,1900444
0,4009742
-0,3959854
0,4146726
0,2957889
0,2796976
-0,2409175
0,4168892
0,0892339
-0,4055449
-0,4678336
-0,04883597
0,2928387
-0,06500487
0,06986305
-0,3591693
0,1736576
0,2080639
-0,08587691
0,1539408
-0,02428663
0,09751176
0,1483858
0,0230273
-0,00730151
-0,2481382
-0,006638239
0,2573462
0,2543922
-0,07683705
0,1082761
0,3269154
-0,3426502
0,2550739
0,1598259
-0,05165179
0,0926844
0,2819383
-0,1880125
0,3027232
0,4007111
-0,2031528
-0,1665781
-0,0661156
-0,1566244
-0,3718729
0,1975147
-0,2118265
-0,05942203
0,4220238
-0,5031028
-0,3196998
-0,1573445
0,4376269
0,05004812
-0,2634943
-0,1918104
-0,2662784
0,4359402
0,183028
-0,2297757
-0,1791438
-0,02904078
-0,2475334
-0,2756933
-0,06846232
-0,2905359
-0,4929677
-0,02604342
0,3617591
0,0589103
0,1731539
-0,376131
0,07550688
-0,2722645
-0,1914207
-0,1408923
-0,2754233
-0,3027916
-0,05668221
0,2680092
0,1947822
-0,1329517
-0,3837504
0,1085806
0,3837224
0,2775476
0,4659019
0,2472001
-0,3237421
0,4092796
-0,2298396
0,1595528
0,03635313
-0,4399267
-0,1780082
-0,05659157
0,1723091
0,3717285
0,253994
-0,009531318
-0,055713
0,4535061
0,05621574
-0,4409538
-0,3602912
-0,01466753
0,07418168
-0,1395228
-0,2030029
-0,1738413
-0,06065965
0,1102031
0,4749945
-0,147108
-0,1930222
-0,3428555
-0,04146878
0,02588917
-0,4918452
0,1494039
-0,2674678
0,4553132
-0,3753316
-0,1357861
-0,2555177
0,3618546
0,2851264
-0,4094115
0,06879169
-0,4221093
0,4854729
-0,396271
-0,0392854
0,4506371
0,001381576
-0,2997171
-0,1226255
0,448259
-0,4398026
0,4991464
0,08615866
0,2137763
-0,1235166
-0,3187366
0,1810499
-0,128044
0,1478795
0,3205682
0,4301805
-0,3395698
-0,2157568
0,2409861
-0,04290093
0,1059111
0,1678931
0,3656186
0,3648854
0,1714007
-0,4838131
-0,4768885
0,2302558
0,1818362
0,1009125
0,4293126
-0,2129968
0,1881304
-0,3907889
-0,325035
-0,2467878
-0,4425477
0,3948701
-0,3174923
0,2701061
0,5069096
0,275725
0,2787869
-0,2560393
0,375666
-0,4647787
0,0672048
0,1898686
0,4845782
0,4147685
-0,07017972
-0,07311785
0,31647
-0,1058188
-0,02266006
-0,2800011
-0,3617585
0,3534873
-0,06708977
0,1952374
-0,2329826
-0,02876174
0,09932712
0,3697934
-0,4399718
0,4092803
-0,2556985
-0,06162652
0,3295557
0,02671748
0,3223782
-0,120813
-0,3703517
-0,2951503
0,1944842
0,0911392
0,3523596
-0,2767702
-0,02370029
-0,3648187
0,215877
0,09741367
0,2947191
0,3290396
0,1977966
0,2887324
0,04908034
-0,2932111
-0,1451212
-0,1623353
0,1973851
-0,07201193
0,3762203
0,001209951
-0,1965032
0,3930799
0,1836508
0,4057679
0,04181904
0,3091349
0,2310069
-0,1994653
-0,3678311
-0,4212921
0,169145
-0,3844636
-0,03681507
-0,4553184
0,2815659
-0,02893067
0,1429912
0,06673761
-0,244151
-0,3843366
0,3126464
-0,1430576
-0,4695632
-0,1562538
0,4975556
0,05947452
0,3241102
0,01242167
0,1600722
-0,2003819
-0,381009
-0,485807
0,3388094
0,3003189
-0,4482809
0,2942308
-0,4885628
0,2848136
-0,4390838
0,3177324
-0,2978243
0,01140562
-0,369967
0,1883475
-0,3890928
-0,2434134
0,1412942
-0,3972566
0,1189317
0,416012
0,02313177
0,1709
-0,1643704
0,4782479
-0,3066513
0,4133628
0,2333497
0,4700156
-0,2634751
0,4906389
0,005696008
-0,1336938
0,4486057
-0,04871865
-0,334034
-0,3032714
0,1793387
0,09684791
-0,2247753
-0,2871119
-0,181034
0,2191227
0,008000414
-0,1866966
-0,09055326
-0,1347325
0,1698335
-0,2873766
-0,4310744
-0,4005432
0,2829255
0,3698903
-0,06538799
-0,2451288
-0,4765673
0,2493788
0,3305029
0,1229375
-0,06652689
0,03931389
-0,4640103
-0,4244636
-0,4311996
-0,1636142
-0,427471
0,09192103
0,1517199
0,4659007
0,05560653
-0,2402232
-0,1967198
0,2854405
-0,274914
-0,2042132
0,215178
-0,4195282
-0,4288441
-0,4682397
0,27086
-0,3109584
-0,2488015
0,327888
0,2146027
-0,3299227
0,4865314
-0,2409932
0,04481188
-0,2089559
-0,35834
0,4922645
0,06449274
-0,4913659
-0,2219598
0,3381954
-0,4600917
0,1523648
0,3597693
-0,4684844
0,005353178
-0,1725987
0,1924902
0,4942614
-0,3954271
0,2042787
0,1321356
-0,1921372
0,3807001
0,1025987
-0,48201
-0,2577969
-0,1083602
0,002041629
-0,1440944
-0,2335066
0,3439547
0,4596546
-0,4655659
-0,4056053
-0,289925
0,4832556
0,229125
-0,3388082
-0,4396291
-0,005487208
-0,4925302
0,04050499
0,008844173
-0,1651697
-0,4518791
0,02394672
-0,4959178
-0,1640911
0,20711
0,4938883
-0,2018058
-0,3935758
-0,4307687
0,1125175
-0,436309
0,2519352
0,3985783
0,03732114
-0,0945709
-0,1241148
-0,299028
0,3406833
-0,4973869
-0,2438849
-0,07705293
0,2036029
-0,481058
0,3108606
-0,01748005
0,1694518
0,09133514
-0,1490675
0,4760759
0,174093
0,3060343
-0,4118343
-0,3010716
0,08595701
0,4266357
-0,06588346
0,4732739
-0,4259494
0,4700927
0,2398805
-0,4192888
-0,1228203
-0,00973832
0,376122
0,3835932
-0,3204678
0,1146117
-0,2052726
-0,4797862
0,02819217
0,344112
-0,3754459
0,3519042
0,3842135
0,4257965
0,04598973
0,1879792
0,01974217
-0,2313976
-0,2704748
0,2034232
-0,1557834
0,08078983
0,4231296
-0,0812315
0,3939685
-0,2517523
-0,3925495
-0,3610066
-0,0662166
0,3989143
-0,2134643
0,4133494
0,01000556
-0,4716517
0,4202187
-0,1247927
0,129991
-0,04442248
-0,2126186
0,3764236
-0,1747627
0,1332412
0,3459783
-0,1341422
0,2603109
-0,02135848
0,421582
0,3025593
-0,4816287
0,4264851
0,1514103
0,3970872
0,4358398
-0,2028997
0,344913
0,3752059
0,07245649
0,4900876
-0,04666055
-0,2701277
-0,1727794
0,02982657
0,03213669
-0,1813146
0,2858966
0,2976705
0,4233514
-0,2866432
0,1926434
-0,1822723
-0,3299741
-0,02775998
-0,2149031
-0,1067083
0,3100305
-0,3311451
-0,1528705
-0,3781931
-0,1676323
0,1572634
-0,3366325
-0,0253683
-0,4008013
0,04258295
-0,3384697
-0,1299174
-0,1508267
-0,4354472
0,3452656
0,3645504
-0,2957617
-0,1264333
0,1508923
0,02400856
-0,2719503
-0,06763978
0,1226746
-0,1868974
0,1257664
-0,3827277
0,2611325
0,4113916
0,2818946
-0,2103683
0,3630525
0,1791017
-0,08703263
-0,1017177
0,1601957
-0,1292135
0,3743968
0,2401607
0,2754627
0,1535978
0,3219172
-0,2189371
-0,3434532
-0,1595545
-0,08161703
0,1495702
0,1482988
0,4033895
0,003732571
0,4245112
-0,2793687
0,2941551
0,1417701
-0,04322695
0,0183835
-0,1164161
0,2518136
0,3187122
-0,0365844
-0,1602313
-0,4448288
-0,3765622
0,4429779
0,09329502
0,263043
-0,3637993
-0,2511802
-0,07516402
0,1735305
0,3207074
0,3680467
-0,1143574
0,07742056
-0,1571634
-0,466138
-0,2911468
0,1745719
-0,1328806
-0,2661481
0,04919906
0,1515288
0,1736946
0,45313
-0,164221
-0,1879051
0,3441112
0,08236068
-0,2304438
0,1746969
0,3418042
0,3686904
0,2804617
-0,1178384
0,1589414
0,02097458
0,07271509
0,2772062
-0,04085023
0,3806131
0,2046185
-0,06709123
0,2425346
0,2208948
0,1359145
-0,02973196
0,1398355
-0,165439
0,3692557
0,49626
0,2910908
0,3395132
-0,3661754
-0,128137
-0,04854361
-0,1789222
0,4946014
0,2240545
-0,2602564
-0,2875445
0,121882
-0,2397761
-0,3833807
0,05942771
0,03001049
-0,3969729
-0,08291747
-0,2853761
-0,2422147
0,08633266
-0,3198951
-0,2260052
0,1696951
-0,1306022
-0,2301438
0,05656195
-0,128908
0,4411444
-0,1628249
0,4444217
0,4702225
0,04252106
0,3121038
-0,02962424
0,01715946
0,1163278
-0,3985113
-0,2475472
-0,266795
-0,03414889
-0,05708744
0,1357642
-0,1856278
0,04468963
-0,1513304
0,4371727
0,09039217
-0,3584721
0,4056742
0,2809274
-0,04268645
-0,3085992
0,3038414
0,3844066
0,2608984
-0,0363954
-0,1607868
0,3786823
0,09076244
0,4629121
0,2337651
-0,2092538
0,05123291
-0,3773424
0,08428003
0,1612314
-0,1184426
-0,3033677
-0,09450121
-0,4388644
0,4576191
-0,3518015
-0,4227742
0,04420444
-0,4881719
-0,4380297
0,3253505
-0,4259344
0,100537
-0,3058208
-0,4800315
-0,4555394
-0,32332
0,3912091
0,3451648
0,3929445
0,3705245
-0,0714839
0,03396545
-0,08274776
0,05372413
0,3155195
-0,09876844
0,2701409
-0,002231545
-0,4249199
-0,1755313
-0,4723599
-0,49982
0,2468938
0,1608876
-0,3221059
0,4632175
0,04400881
-0,2129064
0,1781608
-0,3624352
-0,4362572
-0,07122411
-0,1872983
0,204104
-0,3825366
0,09823926
0,3742599
-0,3539424
0,3458956
0,3023743
0,4366782
0,04603007
-0,2466912
0,4377737
0,406917
-0,4774705
-0,4521239
0,1723001
-0,2576136
0,3172207
-0,3688233
0,1373009
-0,3970273
-0,3460732
-0,4880912
-0,001124421
0,4544134
-0,1723522
-0,1396434
0,1934691
-0,06748549
0,4551531
-0,2422127
0,05929126
-0,09289383
0,4109431
-0,4654992
0,0104875
0,1718804
-0,4089368
-0,4719646
-0,04206707
0,3172861
-0,005917291
0,002648085
0,214976
0,08238057
-0,2220362
0,2103387
-0,4296538
0,0164542
0,3636692
0,1993631
0,208946
0,3348431
0,115704
0,2397189
-0,3569162
0,110612
0,1290231
-0,2867807
-0,4317163
-0,0700907
0,1843598
-0,3650693
-0,01867369
0,168795
0,4342467
0,3051647
0,3947089
-0,1379244
-0,4344989
0,2353667
-0,3948664
-0,07565623
0,2017751
-0,1562694
0,1779435
-0,09489632
-0,3920397
0,3957296
-0,09566712
0,3296807
-0,06370184
0,1402893
-0,4015543
-0,4536165
0,3246352
0,3136767
0,2882478
-0,02667284
0,1789857
-0,3245935
-0,3040273
-0,04685683
0,07823511
0,2872633
-0,3605033
0,3114956
-0,3369146
-0,3316512
-0,1970942
-0,347186
0,4655736
0,485606
-0,08999419
-0,4639364
0,1455872
-0,02825071
0,0619442
0,1973986
-0,3722965
0,237025
-0,1317586
0,1400419
-0,2728907
